[cam_0]
name = "cam1"
size = [ 720, 544,]
matrix = [ [ 627.96112066495, 0.0, 359.5,], [ 0.0, 627.96112066495, 271.5,], [ 0.0, 0.0, 1.0,],]
distortions = [ -0.1972879500944398, 0.0, 0.0, 0.0, 0.0,]
rotation = [ 0.03311768736476747, -9.639681856378392e-5, -0.033503173326409036,]
translation = [ -0.9878198044793276, 5.784199674216721, -6.183904257826119,]

[cam_1]
name = "cam2"
size = [ 720, 544,]
matrix = [ [ 578.4474497484186, 0.0, 359.5,], [ 0.0, 578.4474497484186, 271.5,], [ 0.0, 0.0, 1.0,],]
distortions = [ -0.14474819105376768, 0.0, 0.0, 0.0, 0.0,]
rotation = [ -0.7819872166302524, -0.01928534571220802, -0.0524964097318973,]
translation = [ -3.415147401530649, -107.81411584332024, 41.16211363684481,]

[cam_2]
name = "cam3"
size = [ 720, 544,]
matrix = [ [ 643.8810373133865, 0.0, 359.5,], [ 0.0, 643.8810373133865, 271.5,], [ 0.0, 0.0, 1.0,],]
distortions = [ -0.1828579406033158, 0.0, 0.0, 0.0, 0.0,]
rotation = [ 1.8668677768260238, 0.06461902092488331, 0.006811200689765375,]
translation = [ 1.5059754122327755, 158.0388168525987, 183.3487955206178,]

[metadata]
